169
9241
3506
2930
342
3789
327
6790
8609
9730
1777
2067
7938
4959
4167
248
6463
3681
986
6185
470
8563
1582
5945
2808
9798
4881
829
6006
1356
2397
65
5522
7240
4197
1498
4526
9733
3129
7690
4173
4832
6684
8446
4991
3836
5038
591
1893
4158
9525
3667
9898
4522
3264
9589
932
6964
7137
7312
2242
6316
4122
1598
9950
9203
5606
92
9976
850
7551
7409
529
44
5915
4478
6679
782
1952
3107
4367
3466
5509
409
2513
366
6533
922
9037
7153
1835
5744
9261
1384
8811
3961
2307
9522
7214
1225
6696
845
6207
9064
7163
1279
1628
9758
2411
9587
679
8679
7722
4462
8558
2337
7027
1983
8508
197
735
1125
4890
3811
3260
8915
1414
8789
2473
2284
481
1470
2100
9496
9013
40
113
6908
6260
8999
5180
2874
9822
4160
5112
9697
9210
7730
4022
4745
7431
1931
8963
1038
1432
6020
613
6280
2480
5392
8584
5740
7791
813
2712
6067
7012
1988
6442
1167
398
4800
3676
1057
6343
2380
2421
5884
2748
7223
4259
2868
8852
9379
7675
4273
1335
293
4038
4161
9859
2881
7036
596
1797
6068
5228
4193
8549
7002
1469
3523
2143
2111
8469
7853
4511
433
4852
2197
2613
2101
7605
1113
6678
1765
3557
2372
5394
1379
1954
2081
7000
9100
3544
8961
548
1930
3748
5291
4803
6971
1542
3127
3279
1007
7535
7528
6956
4151
7573
9207
2518
6002
6865
314
4889
2586
2615
3808
3618
9145
4658
9049
2949
5102
9316
2633
6836
981
4252
1321
5316
1463
6795
7771
2041
6679
3488
422
9140
8101
7834
7177
7098
2153
6720
3561
5824
4072
1876
3981
7998
6869
7086
1206
6820
8971
6586
341
5431
8157
123
7557
2462
2607
8384
7700
1409
6671
6355
1894
6594
5590
8379
6063
2967
1670
2023
1074
6361
1661
8335
5221
4208
1894
8818
4186
3325
1997
8610
506
4792
7981
4920
2580
5917
5740
196
90
5284
9180
797
6142
444
4189
212
7223
3189
6313
6739
9800
4505
3353
3831
9549
5434
9447
2367
5222
2773
9743
9669
2949
2589
1159
1306
5522
6485
2170
970
6280
5075
6461
6122
672
4654
4679
3656
4470
7280
1904
7768
8285
1094
2059
5700
3150
251
5400
9363
9331
2776
9265
7831
2711
181
9691
9359
1585
2274
238
9403
2832
348
9714
1806
8011
8779
2106
1762
8545
9500
7681
1121
2860
7035
3255
6771
1903
7511
2454
1600
2074
2073
8069
6660
704
1966
1753
2086
3756
9754
1492
7985
2175
5416
1432
1969
9523
2446
3019
1371
1589
7793
5233
5749
8697
8830
5620
9193
3085
6984
1193
2756
2327
3943
6217
6275
5829
2201
2350
8846
5567
2694
4510
227
1964
3801
4760
2605
1588
879
4408
346
8203
9319
5742
2475
5982
3050
6573
607
1960
419
84
3910
7802
2788
1452
5050
1146
5418
4371
1930
2152
8763
1080
6197
6780
5481
725
7117
4959
4898
5826
341
9910
7690
1036
9531
8213
7395
5034
2445
9664
6021
4422
6315
5699
3082
8548
2385
1118
5366
5821
2745
8139
7396
7255
5925
2602
6883
9948
9076
7109
2628
4503
8503
2402
1260
8068
9789
4962
4101
1424
7162
9786
1202
148
3099
7587
2130
1015
5941
8195
3948
9828
8395
9752
9159
2295
8761
7871
6411
8161
6697
2643
555
4701
5767
3828
9306
3373
762
3585
3766
4904
5471
5611
5362
1090
2032
7289
5601
8337
9929
692
3342
1872
2331
1002
1918
2494
2311
7951
6159
6225
7306
2895
7999
6654
6858
3735
3083
4142
138
7511
2588
605
1873
4589
8815
2369
8292
231
3698
1497
4057
2152
9411
2556
8180
1975
4672
2880
2445
2372
5727
5645
3930
9091
4345
4862
1995
4127
5828
4387
242
7950
1300
7925
9134
1095
6624
817
4459
6856
7757
8514
4584
278
1704
364
4205
7773
3717
1692
4347
358
106
1986
1473
6418
7344
9798
5186
8408
1696
1537
2514
2189
4531
4997
3800
3670
300
7324
7760
3682
9176
2315
3266
6940
1751
3371
1607
5100
950
1432
5933
5297
7331
1465
6715
7197
7577
671
1462
2438
9590
2608
6858
5296
6973
8697
683
6076
571
7900
2823
7775
2190
8393
8412
9226
5826
302
2406
8445
1098
8872
8906
3032
821
8182
9372
8766
2929
960
4115
6245
2094
6973
9524
3942
625
1866
8381
3475
1848
6440
6158
6742
9396
8208
1058
5626
1120
6706
2614
75
4488
1223
5994
3570
1510
5825
8271
9006
2413
113
2987
6780
3778
7417
6934
4288
8613
7149
3750
7957
3290
9194
7207
1506
689
6432
4326
8793
1280
1544
9064
8338
1513
9967
949
1084
1250
438
5177
4642
2345
3552
3418
690
8421
3551
7390
4097
4127
7626
4672
1304
503
293
4524
1828
1570
296
1300
6601
7460
608
1521
7650
931
8085
5782
2203
9404
1482
965
7415
7401
9258
7299
1549
725
2871
9359
8915
5958
648
2817
2228
8311
8994
4072
6957
3131
1946
1621
1089
1734
3099
9925
212
6035
7295
6292
485
6253
5238
9449
5137
2326
126
9252
7097
5669
7991
3190
362
200
9539
8114
6368
5221
1372
1982
508
6534
6087
3187
5697
8157
5043
7794
8774
1246
2524
2066
885
1296
5874
3550
6172
230
6086
450
4764
9150
1115
2165
5076
6839
1887
4280
3526
1720
4157
3500
8353
1302
630
3213
9083
4468
7588
7117
2154
3821
1260
8189
819
8777
2677
6364
4956
8759
8565
3095
6145
748
7864
1443
8536
396
8490
528
3200
277
1959
9570
7964
1499
2228
6117
1305
3154
2529
6224
9723
3845
8669
764
1865
1093
7289
8391
3705
9448
4964
407
8056
3089
679
5297
6762
995
9940
2623
7343
7046
6216
4719
9069
2314
9033
1161
4883
3149
4018
9152
1393
1472
4180
2454
8058
917
9237
9246
714
5611
1421
3871
3186
1419
2655
6463
6326
7117
7273
4590
3777
7395
1776
9176
232
4535
697
4812
6495
2602
5794
6278
3155
5222
8731
1412
4831
9079
399
8710
9294
7216
8344
5989
9443
1260
6473
4024
9872
1783
3027
1476
5550
3141
317
2280
3333
720
5614
5615
9750
586
2248
922
8779
913
9225
9581
7313
8387
7779
6741
1590
6003
2106
5822
8900
9058
2700
7237
5060
6379
4006
9356
2634
850
1399
9074
8027
88
909
377
5185
3681
7359
5512
875
5494
6836
7161
4795
3628
3494
2404
302
4843
589
5159
3323
3233
4260
2761
1158
7886
2988
8088
9168
769
9702
8178
7284
9161
9687
1400
3029
7681
8520
5411
4306
3213
5945
8145
9026
3279
4785
2173
1435
6672
408
5106
8641
1425
1955
6372
9684
6116
1485
3029
6217
9600
2257
3917
7384
4523
4840
301
7679
6539
7185
626
2776
3921
727
7547
5917
5028
1244
2693
1542
23
9684
9501
7712
4958
8950
9542
3758
8189
2514
6089
7305
6019
9517
2491
7915
1128
6946
1429
452
1715
8221
276
6061
3062
275
5875
1074
1307
351
9721
7721
735
2503
5968
5851
2664
3522
92
1522
2346
592
4669
4589
7921
456
1978
3485
9523
6375
2923
5132
3886
3322
1943
3427
6151
1767
2957
8739
9945
4705
1946
3144
5772
1696
8686
7009
8769
1836
8781
4425
4138
6209
9963
8216
2416
5765
6155
3071
4794
9470
2235
6895
1883
7594
4029
1273
1531
1768
1350
3901
1802
6490
9940
8768
2165
9887
7327
355
7770
4118
8242
2756
236
1357
6949
4198
7535
189
7912
7899
5919
5783
1259
613
7579
2968
635
5486
3148
4933
2928
7421
5901
5781
8913
4387
2546
140
9825
6464
7852
2300
1277
9059
1856
6765
6104
6538
6051
6362
4780
5273
6416
7425
9497
8086
5468
9262
3268
792
542
6358
5060
2618
3240
533
4244
2048
6846
4262
664
8363
3649
4082
9807
4713
8572
4663
1690
5106
2719
2032
7226
3042
927
4186
3650
8042
3088
1408
5315
5229
3324
7115
6140
6975
4035
5528
5960
8168
3360
8321
5355
3243
1777
8870
8682
1647
2790
6020
8997
7762
450
4543
2064
2367
1400
5653
2507
3373
6132
9466
2035
4615
6698
8068
5585
431
4951
8961
5958
1414
8748
9890
4901
2461
5299
132
4631
2335
2517
540
4333
996
9665
7414
4574
7718
2614
1853
7584
2192
5037
8606
4392
842
3174
3291
3835
4325
4633
8617
9074
3766
1437
9749
4095
2595
6495
9221
1791
8092
296
9431
2271
3761
4467
8225
853
4110
3240
7085
6948
4014
3924
3594
9694
3588
9156
8361
7886
2454
5413
7401
9256
6042
989
2944
4282
6094
6861
2606
1704
9717
8093
2636
3935
1932
944
2440
8229
9872
958
4378
4164
5280
8898
9845
949
8603
2816
4824
7461
7250
1599
572
622
4078
7028
495
6773
6156
4340
1880
5023
2381
4115
8837
5942
5555
8866
644
7611
3876
7341
1033
9349
9358
2508
5125
4754
2180
8987
1259
6071
1893
1189
6804
1933
2549
307
451
2197
1850
8860
8223
8102
9037
464
8216
5935
1596
7218
8540
2844
8307
4027
7558
878
9312
6526
2322
8928
1165
4274
9456
8256
2672
2454
1594
6591
1147
589
1307
9444
4705
1264
6230
6409
3180
9310
9693
8109
2251
9733
4185
9653
5894
5491
5960
8153
5133
9168
9446
2110
1239
3645
2699
2338
1096
3524
5563
8167
2876
7057
8586
8423
3174
9909
7320
5579
1620
8418
926
9390
5581
1059
6288
3929
5441
9036
9750
1596
3739
3396
6855
8644
337
4900
8547
4904
2840
1101
4444
2111
2342
665
3784
71
2641
4070
3562
363
4477
8386
1074
6020
2105
596
3145
6208
6301
4800
1175
9893
6215
329
2797
4745
762
1436
4995
3560
6034
1746
4627
1279
3640
3501
7136
6349
2653
7769
6616
1212
2414
7118
798
2503
2037
8660
5408
8902
5606
4050
8459
8277
6100
1362
7874
6802
1540
6719
9841
6940
7443
5062
9323
3169
9705
2185
378
239
5216
1475
6024
4923
9408
6406
3967
6072
9755
309
4379
7357
6562
9823
9614
244
8335
6043
7804
314
8832
7049
1318
1933
9055
1569
9626
2684
4017
7232
6748
2985
6497
9347
6448
3992
2744
5349
8716
8805
6562
7060
3712
3269
8454
6285
334
7553
315
8665
3429
3721
1049
9849
4699
1986
1492
1004
1752
9369
6133
3694
5455
2383
9594
283
4907
7265
7491
5875
1916
5511
690
6872
9419
6798
5581
434
584
5742
3603
9972
707
4567
5445
4318
1221
1566
3365
2321
4273
2939
625
4985
7212
1724
1765
2402
6301
3758
4790
5513
4707
9262
68
9688
5393
1686
5552
6572
7354
1382
6687
7159
718
3339
4288
783
864
5108
1914
3686
6407
2223
905
7353
4232
8087
8260
1975
2357
2659
9097
4622
8671
2440
6785
1899
649
7378
4819
2892
5314
4828
7750
9399
4131
9632
8686
2403
7872
4657
6843
2481
4197
6221
8170
2642
4702
9575
193
5550
981
9502
2643
6395
9657
2931
5388
1879
3791
2426
4848
2126
6167
9165
1901
2316
7793
5976
295
5170
2462
9459
6485
2539
4339
1336
6920
7238
8309
2549
8378
591
9668
5521
3743
9621
7777
9638
9059
6156
4072
5559
417
5368
351
4032
5651
751
9846
4017
8551
7906
823
5312
9928
1378
3114
3088
4973
1412
6243
9928
6079
9313
2738
1063
1249
3159
6357
2488
6201
1531
335
142
2379
1014
4279
93
731
5995
9083
8335
1729
2269
1706
9043
9364
9557
7456
2694
689
5511
5668
118
7964
4847
3455
6648
4566
4230
220
5202
6618
8494
4838
1422
6603
1354
8627
9035
272
1314
2181
2619
5888
2748
8775
8495
4971
7491
3886
7719
8506
9943
5245
2557
8393
7835
1908
4669
9170
4592
2928
9756
2571
3981
1132
342
562
3215
2811
802
9863
3667
8170
734
394
9432
2723
2542
8329
1404
6811
1427
640
717
5143
466
8653
7076
541
7692
1084
2661
2309
9149
7720
6913
8950
1431
9515
9022
2218
6366
6490
4751
5672
8419
5163
5237
5748
5549
7941
146
2993
670
9856
9440
1499
8092
6960
6111
2446
2923
4113
5860
2164
7407
945
2655
7610
7681
6495
4031
9268
3249
6834
9954
6722
4348
8949
5919
6019
3963
4774
5606
7077
758
522
7785
4718
703
8460
7700
307
2213
902
5505
5031
2342
7001
3029
1554
8432
3381
1863
9585
4469
32
3874
178
9074
2757
2826
443
4199
3953
5060
3298
6120
6494
5788
1177
9069
7989
1049
4690
2052
1878
215
4948
7264
8624
4596
3108
430
9830
3442
299
6833
1094
327
5552
5025
3668
7377
192
1988
2005
6064
3777
8584
3232
8024
8757
502
1783
1818
1281
9101
6306
9739
4694
2031
9952
7607
1421
3358
1576
5286
7276
2641
248
9582
1941
331
7605
3821
2411
5791
3445
4325
8518
1861
6743
2958
1307
3350
1302
4880
5358
4662
2938
8357
8546
4766
2051
8759
9057
3245
2133
9515
7882
747
7418
3881
9095
6704
5504
7537
2984
622
4185
3064
7113
5360
3579
6361
6947
4211
6640
9852
5610
1915
7663
8719
9520
4612
8446
9498
934
9056
8328
8312
986
1030
1159
1922
6350
1555
8851
8440
2058
5285
4299
3655
4277
7601
838
6834
5296
710
3110
7274
316
4212
5855
6302
9369
1736
4057
2187
1561
4397
5823
9463
8667
1626
2489
1616
8164
6939
7968
2043
5757
8548
6323
7747
2609
8984
8930
8577
6419
4263
7429
6901
7349
2309
4493
9421
1346
4566
3502
6702
3331
4752
2539
3581
29
1697
9350
7325
6879
6786
8196
9459
1701
1260
6953
5143
4294
5604
4337
1386
172
7307
6002
464
7992
6075
5573
6454
4682
8084
5559
1070
9286
5776
2466
4118
157
4192
3848
2624
7192
5197
6480
7394
6252
2534
2580
395
4936
5440
1327
2363
2388
5008
9401
8915
5882
8315
9931
9673
2867
2761
4229
834
9292
7765
2909
7354
101
320
548
307
8919
5387
2018
7096
7273
6974
6523
1738
4196
8341
4711
6971
4872
7382
653
1356
7013
3709
3419
359
8134
5630
9384
5218
8335
5655
7247
7932
711
2314
8179
2379
6995
6269
82
3704
8598
2971
3498
2151
2384
4332
904
6267
6457
1645
9719
2698
2499
4347
730
6451
8685
9211
8882
2661
2051
4556
1107
7799
6044
3431
2395
62
8710
5870
2020
2423
5562
5474
6211
8301
4932
8077
5812
5851
6423
4329
5186
7712
8572
9722
4339
422
4224
2579
9215
820
2902
8688
8964
1733
6128
716
3019
8266
2004
2387
4197
3000
7770
4922
3236
6065
2389
4410
9706
2449
1077
228
869
4204
6584
1204
28
3112
1490
7543
2098
1034
3997
5207
5831
8409
5258
9474
5092
1109
8877
364
1816
4599
5267
16
1134
540
4896
4516
2345
5618
8232
7923
7512
907
3005
336
6894
5426
2131
2460
5115
2154
3565
3146
37
5505
1997
3267
5055
227
270
5577
5099
8162
5130
6010
2337
508
476
8043
7862
4985
3377
1487
17
5765
2191
3302
4576
6632
358
2243
6603
3951
6661
8946
3219
1827
5351
2213
6279
2641
8424
145
5872
223
410
6416
1731
5025
5038
8220
5400
5773
7328
1552
2985
5939
2560
8162
8793
536
6355
9005
3532
941
4516
3685
7562
4546
8591
4689
1825
2885
6226
8070
976
156
8423
8536
9430
8535
4080
1214
7417
6037
8576
4241
7943
568
8705
5910
275
4839
9041
4177
2564
5795
2425
5853
3030
2604
6490
93
8921
1941
4447
1813
565
8457
9692
5164
5883
2994
986
7834
9681
9433
9882
2229
7815
2478
2046
9421
8599
4539
3308
2978
1763
1459
6331
5813
8429
6073
9794
6087
7250
4477
3451
7421
8104
159
1772
5650
5057
1281
1491
6293
8504
6916
5507
3689
749
946
4652
8972
3879
7472
1080
6122
9944
1799
7295
9629
3108
7853
751
9647
7894
9908
1482
6642
363
5898
2663
4838
6791
1016
6455
9447
6275
7806
5686
3344
9060
2757
946
6720
4019
9835
7490
8112
9022
2663
5968
6948
6966
915
346
7714
1631
4095
6377
333
1903
9138
7394
4125
6144
9035
4617
2028
399
7019
2153
1414
1984
2852
7707
4991
5759
5125
1934
8944
6141
3582
3653
352
445
9360
1066
6550
6164
9354
6622
6762
6116
1706
2494
3167
6808
330
7073
4471
2653
9540
8149
1907
5692
3682
9598
3519
3618
5207
5314
7935
2606
1596
4004
9833
5594
9055
4135
673
8891
9977
3055
4362
1415
2735
2175
9878
7701
169
7274
789
1532
420
115
2618
3279
5854
3634
1149
5431
2008
8972
7127
6649
1905
3032
7253
1181
7001
2277
2864
1371
3943
8874
683
2288
9718
5972
8728
1901
268
6555
700
7140
8606
4296
4073
7537
248
4719
2426
2340
5823
1280
7885
6197
1685
4632
1886
3112
3028
1427
9689
2096
1212
7919
6209
9298
214
3862
2443
6654
500
1370
8561
2887
2049
7374
6117
2652
5903
7344
8243
8798
1480
2117
7066
3339
2858
5053
411
2308
2565
4551
8739
6481
959
859
3300
5259
4620
4561
2011
1658
3777
7764
7841
9969
5359
301
4088
8037
6599
6649
2429
4275
467
4566
2550
2624
8267
8428
1382
236
5578
3348
8629
9638
8807
1780
8960
4591
1691
1049
2208
8015
1166
2430
7710
123
448
1
9878
4501
2569
7365
7924
7082
515
5977
3244
7232
2733
1245
6291
1672
5927
2729
6234
3605
6830
1588
7595
9496
4721
2283
1598
2045
2951
7181
3686
6698
9300
3192
8108
9783
494
2105
605
8840
1540
9673
1841
2804
2001
2349
2974
235
4773
4634
2217
4585
1849
1839
1020
5482
3662
1481
1474
1472
6924
654
4223
5287
7783
1507
2717
4078
1803
5841
990
8950
2470
3241
9294
7436
4853
1231
2207
1794
8876
9743
8265
1237
1603
916
8459
5845
7473
5073
2449
8180
9033
7668
9650
327
3546
9141
3141
8981
6077
1425
8709
124
593
246
342
2330
5463
4209
2169
8295
7827
1938
4323
856
5814
3380
1007
5482
1771
6517
629
9276
4441
4332
466
1273
5361
727
2602
8545
409
1302
9092
1152
6029
5750
2461
2205
2747
3778
7389
519
4051
4904
4126
8725
6179
7852
4405
1540
1181
2482
8673
3264
5823
2940
9054
3652
2070
5173
2581
5457
1106
1329
6582
5839
7261
3553
7966
4884
2075
3729
857
8743
2807
2764
9669
8756
5321
3600
7328
2776
9752
6666
1971
8347
4005
5371
5192
1832
8112
115
8350
389
2633
1423
3027
4063
75
1722
6378
3413
5267
1268
1916
4841
7713
3910
9497
4561
604
2252
327
194
3301
445
2466
9651
4563
8626
6075
9670
7992
4698
3436
5417
4197
2152
7683
1781
5857
6005
9297
7766
8884
8721
2841
1236
6927
8234
2123
2204
5844
3315
5832
3642
6013
523
5890
9230
6754
4824
766
2625
4578
6800
5160
9540
9750
9204
4447
7199
8823
7470
8292
2079
411
5236
2254
897
2500
8837
908
3623
1307
5889
9206
3510
2137
8516
702
3305
1818
8441
8508
6706
8045
272
9098
1452
1401
615
7386
2894
6020
4868
4246
185
4843
3377
7245
103
1019
5851
9176
8740
9240
6957
7691
3501
1522
5834
1919
3319
208
4598
3176
5697
9690
3233
4616
1247
475
2316
6914
3696
2862
1213
9069
7313
2562
8065
1247
5681
201
2616
6804
8877
8337
8621
5935
7864
2378
9862
5578
6581
8831
8011
3293
9464
5350
2539
9340
4240
8570
9821
9148
3271
9298
1023
163
6678
6995
1040
5105
7765
2298
9504
1929
2283
980
2575
3226
4158
4689
6721
5977
8391
1038
5748
4788
1178
1990
3781
1918
7145
9909
9292
2078
3071
9170
7555
5958
132
9720
2992
9830
9802
692
7327
3714
2432
9827
6690
9026
7724
5095
4035
1201
5445
4931
8289
8227
1796
6644
4054
4790
6370
6226
3720
5576
7856
8093
7268
4196
6454
1531
8668
8312
3020
8832
6695
5107
8666
5687
132
1904
5507
2010
929
4833
1370
6764
2943
1586
8349
9174
3660
8651
8015
5707
9510
5210
2932
8338
6423
5354
6882
7970
7934
847
7487
5761
8662
7318
2784
1353
2719
606
6703
4976
6972
9771
9485
3066
7667
248
5646
5043
2696
5222
6815
5749
2653
5661
2446
1187
1719
929
9579
8260
1305
5138
1053
7832
8547
2579
3515
6069
2149
8517
6586
3602
4290
4406
34
1288
7240
8707
105
9784
4470
7248
2725
2967
7028
6253
8326
7343
9656
8976
1345
841
8890
763
7642
5284
3171
6912
2045
3818
5715
6425
6504
328
8223
5392
7431
8096
7094
7154
7629
4521
3787
1262
2633
427
6103
9244
280
3750
7171
5804
6968
3370
8677
237
3430
132
5329
1831
2663
6746
8589
2528
5585
8726
76
8701
5778
2133
7779
2131
2961
3217
4193
2057
4823
7643
1228
3240
4093
6777
5474
3219
2631
9952
8247
2423
1728
8284
9315
5408
3178
7267
8301
4138
3504
1369
957
5795
8872
2967
2199
3117
6922
8196
7970
5450
34
6109
1641
9785
4391
4564
4507
5110
4215
3906
8594
9118
5335
182
8162
1205
31
3190
264
1496
8777
7496
9648
6399
1908
438
8380
1465
5344
6317
1664
8280
5940
6537
6168
7824
5283
3615
5717
5331
1760
7771
7537
9526
3121
165
3641
2104
3826
5364
6719
9493
4934
3640
4728
6791
9775
2541
6698
8700
140
2803
5035
8413
1608
6086
8754
2653
2487
6031
3757
7054
2238
6059
8014
9198
2803
1578
4551
3717
391
25
6081
2123
1584
1939
7984
4271
7054
9253
947
8223
3767
8478
2102
4734
1329
8366
8463
8035
2265
1216
312
8944
7840
1444
3613
2151
1578
4424
7374
2679
9718
8157
3592
1852
8881
4595
5469
1636
2491
9765
6218
8077
1992
4228
8392
9923
3560
8969
5010
4076
5896
6936
5804
691
3864
9636
277
8751
1018
8771
8384
4943
3195
7193
2380
7492
284
2172
9210
5471
4523
2481
3773
9242
1128
1011
2635
9385
8155
2699
2170
1055
9029
3789
6628
5776
9126
8972
774
6765
473
1992
7063
9192
200
9311
7927
2493
2572
5304
2733
3382
5753
6732
4473
1807
799
3676
5067
7844
2952
8049
7132
6659
2327
2444
678
1463
2776
8062
4049
6901
4311
9826
4397
5133
5980
2079
832
6012
298
7456
8305
9533
5711
2116
4293
6037
3941
1609
2951
1049
1665
2723
9438
7684
4238
1928
7355
4986
7489
9205
8640
6211
1269
3601
5638
9028
3768
6107
9582
6310
9625
7691
9690
5283
6383
1920
4328
6834
6797
7031
3998
7480
5991
1938
984
1097
4813
1340
2027
5660
1802
3911
8200
4685
2336
1957
2009
5394
2666
157
2251
3532
3431
7905
9393
9609
1157
353
794
977
631
3287
180
2165
9027
3536
8792
6804
1883
5373
4332
1059
1186
143
5976
6953
105
4656
7942
7012
2532
7740
7564
6283
4503
2826
5890
5919
348
1896
2262
8185
5544
1028
2211
6691
8031
8398
4994
5526
6592
8791
9881
4252
9096
607
1392
6758
9424
8763
429
3212
3558
3283
1069
3990
2341
16
7454
2470
2259
9187
5186
7283
4949
3737
6775
9843
2723
8325
2378
9216
7864
1952
3017
4861
4855
6168
7934
6308
3974
6943
6906
6058
2222
8727
1731
7307
821
5399
34
3014
5531
2371
1138
36
39
3258
350
5253
9751
1569
7791
3406
3462
815
2356
3531
248
5196
6968
1392
5227
4692
9074
9694
2575
9696
8103
7706
6068
2201
3848
6798
6793
5283
1285
85
2555
4270
7099
6519
9922
3894
1490
9334
8933
1405
2483
9169
3985
2514
7749
738
3486
339
4607
5463
4950
5498
3855
5126
3046
9246
6144
5150
2367
969
4673
8478
3077
8752
972
6557
974
1979
564
7344
3131
2580
2250
8938
1706
9397
1884
477
4077
7812
2681
9559
20
5719
7782
1382
7269
8191
1849
9364
4447
8929
8235
8137
2730
7048
6370
1012
5870
1723
5510
7956
5461
1560
951
9320
3215
3564
572
3090
8398
3868
1211
903
9211
8100
1030
7401
4792
6289
154
51
445
7874
8493
2156
7657
2332
7485
7613
3439
1004
6417
3563
4163
2869
443
2291
8007
4721
1189
2285
8394
5336
2375
9444
9815
2358
8159
9810
4984
864
4522
554
7471
8499
9853
1037
5605
615
6189
4051
7734
8619
8494
6733
9733
9393
261
8090
5270
4550
7937
9827
9320
169
4326
8913
4350
7432
7791
7112
524
4835
4383
6298
4027
5180
9078
4394
2102
3502
6914
1810
4205
3640
2067
1907
1502
4084
4203
6269
8358
2891
7370
8706
6977
861
1188
1305
9497
1469
6431
5219
4637
6720
7906
5436
5551
7042
8047
4775
3223
2665
4536
1690
763
531
2587
6464
2117
8260
338
6347
7552
7091
9460
1028
3242
8268
1353
5169
1627
6306
8468
1917
3857
5103
1997
4381
7170
1364
3761
6606
1118
5378
5433
1690
6715
4029
7854
1364
9239
539
2706
9927
2825
949
8237
3541
7775
6074
7478
1779
5751
8524
646
2401
8031
1402
7831
1629
937
5699
1105
1716
8482
1743
248
9130
6593
9794
3554
8799
9369
2373
1317
1338
5551
1949
1145
395
3542
801
9900
8967
7626
5623
7596
2035
2021
2633
2551
5644
8605
5757
4554
2112
8558
4698
69
2349
6324
2697
494
4541
6789
9106
7687
1468
2325
2321
7984
5916
6824
4569
8749
5586
8881
2614
769
824
2296
1408
2040
1436
3319
1991
3700
3377
660
11
8544
716
8768
9594
9071
4535
4622
7855
359
6696
3906
743
907
772
7211
6796
130
5986
3602
8194
2270
7888
5867
7644
9214
2283
684
4070
8788
2326
9126
1815
9761
9091
6474
1021
7562
2132
1008
1333
8324
9953
2451
9580
7188
4102
2073
796
8886
1067
41
7508
9320
8043
4765
6853
4661
5244
471
5350
9651
9360
9891
1544
6549
8887
6158
2264
2134
8090
7397
3385
2069
9667
5341
5941
1983
1387
4858
1655
4124
2757
8906
4918
1495
5221
9860
2911
1536
8408
9377
8400
8475
7808
1146
3466
6003
9778
6991
9527
1305
2275
1312
5154
6352
8053
4120
6151
2806
2754
2323
2823
8160
1239
2302
6766
6259
758
2566
9763
3435
5353
3791
7769
5332
2883
5451
5740
3954
5224
9544
992
3185
7495
827
7852
1901
1116
7261
7455
2288
6793
6242
8875
4812
7724
2029
5843
661
3399
7613
1418
8220
8979
4268
4457
945
2732
4853
5535
7735
4183
4080
4062
9296
8429
4558
3820
948
355
161
1842
5415
2910
9993
3394
4928
4443
6818
4157
9639
9292
270
253
9724
4915
1054
5915
7330
1848
3004
3909
7888
4928
7794
8113
7987
7165
1667
2701
1696
8294
5153
4989
7823
6216
1970
3858
7035
7418
2321
7399
479
3698
6359
8708
3284
5341
4090
1572
2681
424
1335
1992
1983
8464
7569
680
5489
434
158
2500
9380
6771
4256
79
1972
3694
9412
7811
9458
8164
3891
6006
3890
7581
7770
4822
8505
699
1950
7310
4785
2237
1827
978
3567
9582
4454
6811
8686
5136
3052
1290
6911
7594
3656
8455
8209
9738
1802
5629
961
4752
1039
6867
1868
8248
4180
9467
5431
2455
8431
8224
9311
9530
2534
3192
4921
6864
6428
7997
5752
46
2207
2742
2527
9122
6468
3436
7526
3378
235
522
2872
3508
207
552
9829
5945
4104
6348
1140
8627
8727
8623
1517
3655
2054
8258
9829
4386
1159
9421
3808
8586
1736
594
9382
736
5497
7558
7743
3821
3583
6828
1431
1787
7531
7912
5538
2793
3839
4767
1447
7196
3257
6504
4548
6138
9536
1400
809
2776
7718
3770
4037
4343
2884
4183
7657
2846
479
5336
1797
9382
4029
7891
2675
7963
3306
2417
1886
1086
7462
6858
902
5464
1073
1844
6668
7616
2964
7911
4652
922
3160
1893
1031
2784
3619
1207
1802
4116
8077
2208
3278
1312
7068
3713
1376
1437
7525
580
6879
4993
654
2060
30
8993
921
9363
1257
8896
2576
4206
1352
8739
411
2144
3448
9548
3514
1137
3945
9767
1882
5589
5363
7213
8741
1601
5518
5398
7106
4307
879
3325
4117
3703
3622
4366
1237
9173
4054
957
216
1245
9640
4393
4855
3799
3354
4911
2689
7338
6011
4981
6887
2111
6349
3146
5633
4456
110
5763
5898
8539
2132
7830
4623
9655
5205
1956
7390
8894
5917
1126
9979
8347
8045
2613
1567
878
5174
1031
1808
3241
3129
9793
8831
7621
2416
1525
406
5250
6140
7770
1911
844
1238
6600
9493
6145
9808
7632
8908
2599
5586
2430
327
426
2773
3616
7025
1088
8450
234
4847
2345
7464
6963
6563
4413
2103
4932
3505
2549
3328
4914
8381
1832
3920
3431
9357
2237
5669
3812
5015
810
1391
9773
9214
9705
7062
1409
159
1350
5081
2254
9093
9279
4384
7512
4152
4002
3534
591
4211
521
5664
1714
4408
7502
3780
3994
2628
7063
820
8414
9098
6028
2314
7168
6193
6763
2886
3790
1304
3330
4848
5936
6847
5970
764
1779
9833
7114
1014
368
6824
6163
3108
950
4319
1361
1250
5838
6559
879
974
3139
7000
7206
4160
7098
8603
2251
8194
4049
3248
6850
9889
5824
4782
7181
2213
8363
1529
925
5674
6301
1719
3777
4358
1953
9368
6135
172
6681
6183
5719
1638
717
8731
2510
3383
1154
9857
2418
7963
9265
5709
6476
4694
46
1822
3273
8606
8591
4097
9065
3762
2302
9818
8792
2379
9551
4972
2702
3981
1649
9843
7506
1526
7665
8461
3794
4321
5573
8383
9107
7615
7540
2568
3225
4405
7963
2968
203
261
8638
6554
2668
9412
9692
5350
3938
3344
2357
3477
2218
3993
7746
9195
2229
6387
3226
2819
419
5375
3993
1450
1465
6837
2474
1872
94
6517
9749
6530
3997
60
1880
4847
1029
6347
4430
5859
3074
456
7247
9688
6756
1118
2142
6440
8715
2407
5967
5364
2669
8356
227
4111
4241
9585
9746
2417
3767
878
8516
1361
6277
1324
3776
7380
8186
8941
9888
6669
7364
2892
4882
7039
7606
9677
1124
7088
5855
2809
2709
1052
41
7432
4435
254
3304
255
7767
575
138
5225
7545
6867
1498
6115
5279
3956
1860
1155
6835
1942
3565
8564
6952
4193
803
5286
6679
7198
3667
4021
8537
4533
6780
1890
5239
6023
6303
278
3205
9002
7088
9646
9234
5758
4185
756
5601
6836
4521
2073
690
860
8507
4122
6164
3974
537
2507
9904
8903
9476
2267
2319
5678
8046
607
7611
9165
9244
7055
4813
6218
8941
9349
616
6824
7223
3078
3271
2443
2322
4190
8745
8678
7376
484
3491
3367
1274
2726
6537
2114
3434
8685
3953
7465
983
8641
3929
2442
6499
9487
1308
7676
6477
4662
4430
3867
6330
4116
9551
1366
630
1296
1225
3960
5431
1775
924
1819
2868
5212
5255
7295
6824
9739
4356
3621
1952
2339
3978
7460
6977
5216
7962
1285
9689
1032
2525
9535
7293
9173
2251
9417
1266
598
238
5820
6292
1915
7014
2938
5451
8827
3845
6509
8232
9569
9943
3746
994
8705
7712
3603
7949
618
1066
1883
547
9029
8625
7017
1496
9523
4682
1037
791
1656
2530
3916
8117
5268
3034
7262
72
312
264
4071
6310
9349
6444
2658
135
5386
1433
802
2283
3574
2412
2941
1949
1570
9393
7285
5920
3471
6703
366
9457
9150
5017
3981
191
7698
6816
5019
2528
4299
4348
375
838
6224
7850
9344
3377
4093
7146
5064
151
3463
3105
8684
7061
9464
6129
7386
4849
9769
6435
6765
3959
111
6494
2294
4632
6573
7215
603
6770
7770
8868
1888
1665
8841
3646
9714
8411
7184
5963
2940
89
2876
9748
1966
4441
3106
4781
7678
3696
1430
257
5461
5745
9463
5925
2917
861
7998
8577
5338
4258
61
2941
7330
1471
4585
9871
3845
9375
2137
9171
7060
698
8667
9965
9814
158
3542
8698
9066
5174
5739
1102
1377
9943
7239
4153
8750
9426
9579
4570
3000
2904
5634
1386
9787
8535
9577
3586
9801
5153
8788
9933
2301
8944
9193
5169
4466
6732
1405
3106
232
7597
7654
161
4659
896
3069
9426
3238
942
4893
1591
8772
9835
6827
8135
1837
8437
1439
2879
8748
8315
2085
1582
7915
1855
8784
2269
2333
365
745
3406
4236
4873
4698
9653
1321
2165
9996
4633
7612
6095
1788
5355
7521
8626
8338
4522
424
650
9299
1329
7078
646
2102
9330
5399
6535
3271
7493
3985
2008
6907
2402
850
980
4834
47
5365
6526
2355
2836
1937
6694
6845
1538
8285
9305
9983
9293
4747
9189
5486
9071
8108
3147
1267
5792
2333
1209
7224
9796
2450
9061
8648
2010
4224
2728
3058
8378
6662
437
6193
8972
1299
1852
9854
7907
5320
3878
3931
5831
5606
3658
9368
4497
2087
8797
5419
3757
2366
1410
3946
1921
2157
2605
2609
4319
3519
5291
4809
7164
304
7870
6086
5383
9623
3519
7636
4950
8754
804
5770
7692
6055
9267
3513
2555
3424
1495
4459
7889
6933
8264
1011
404
9991
1237
9497
1586
6740
3908
5321
2717
1079
949
2789
1822
8614
2002
5749
2479
6701
3283
2377
4778
7989
4054
4762
8156
8989
7125
6173
7493
8011
8497
1964
2801
7000
4473
659
2419
4140
9418
3035
2374
9643
6545
3883
9914
6053
7679
8491
268
5909
2674
6813
2695
1081
6126
8690
5529
7047
3543
6230
9283
3654
6136
6322
9400
3925
1040
8100
8360
7580
9961
662
4494
1873
742
361
8693
7504
6523
6127
7411
8349
2313
1725
8921
6613
4718
2373
9928
5559
2297
2654
4612
2464
3574
632
2569
2909
4416
7879
8355
9465
2040
1352
5694
3342
3313
7279
7362
1838
4577
5958
1260
1861
284
2118
5579
2586
837
3332
2100
9415
4149
5824
7770
3585
8798
180
7409
1315
1758
3942
7700
7218
7759
818
6382
8255
8774
3102
4237
4005
3482
8491
191
5038
5589
3644
2195
4137
2147
4414
2113
3194
9073
6769
9394
2241
4335
6226
2807
7904
3915
883
156
9866
9283
5215
7988
6040
9794
8656
571
6734
473
5734
6369
5105
6447
1544
8472
1418
852
3376
9997
8408
6260
6105
290
1432
9369
8762
8676
8367
9241
7359
5833
1452
1614
2201
202
288
9321
4352
6729
6066
92
3962
4688
6218
5820
1711
452
5129
1987
5010
7864
5200
1353
2334
8676
3003
2090
2050
8716
851
7011
8202
2242
4860
8119
3699
3739
8756
1219
4018
6008
1351
772
9896
2126
4988
7592
4097
7120
2044
8950
2843
7796
4466
1973
3551
7404
3812
4584
9090
2121
7671
4010
5071
9836
755
6696
4841
8631
1655
1338
8305
821
2487
9953
46
8390
9427
7626
7597
2099
6719
7970
1904
3951
2971
2190
8496
3973
4030
6237
8853
1877
8064
5182
7510
8175
349
6376
2260
2109
598
1973
8515
3751
2682
1732
1373
6974
2
1000
2400
3653
5314
8111
3197
3224
2704
9764
8263
522
9902
7563
4575
1990
5434
211
179
1461
926
6257
9622
724
9655
4635
5537
4787
8454
4746
628
9636
8585
6480
4879
219
3476
5739
6459
6292
7051
9959
9069
2125
8218
849
8234
7493
5643
2470
7335
4073
320
1032
5503
4815
9823
52
8148
3029
4101
5994
2245
4680
2262
7573
5461
2111
8458
1112
8461
7626
9091
8963
9484
2969
6316
2276
7774
1675
8717
2840
3875
7789
9675
8229
3807
7451
3498
2637
241
515
0
5306
3214
8678
3996
4238
5226
1518
8057
1792
6416
4422
8833
4943
5962
7411
2080
8091
5409
4381
4372
356
7058
6267
7911
5443
8883
8254
8301
4311
8068
1159
9837
5345
8207
6453
4732
2885
372
6329
5089
938
4568
3197
3211
5282
7312
8921
4998
7374
9328
949
6492
8802
9259
570
5560
1396
3811
2340
3248
7917
5759
6280
7841
8845
8925
3856
9581
9139
2218
6313
6738
1775
3136
1493
8859
1047
7464
3903
4044
9272
1980
506
5884
5643
7972
3641
2637
6585
8708
6908
7053
5512
7040
1838
6027
9663
5807
6057
5051
5074
8906
347
2439
363
3837
6813
3800
8052
8229
6171
7035
1295
9030
3204
5818
3093
5814
4119
3529
5396
6897
6359
2588
1134
3518
6734
5246
6196
8030
5424
2876
273
4757
5778
7706
6655
4363
1510
8524
8558
1010
5882
7860
6554
3165
7452
960
7048
4988
9759
7637
2285
3202
4409
2423
2507
4686
3443
6900
7969
3505
9173
8951
9715
3685
6295
8594
2372
9437
3433
442
8514
2331
8898
2661
2691
286
2684
8434
9857
1113
2953
7673
4541
6714
3036
1581
2099
6861
149
2930
4573
1650
4485
3333
3115
9190
5762
7236
4840
1458
5923
8370
5848
2126
186
6423
1247
561
7654
3998
1374
3869
3505
9661
2284
6967
8005
8196
6062
9774
4143
8595
5669
615
5095
5777
4942
8186
2682
782
9742
8154
1638
9107
469
1629
7658
7437
8298
2892
8312
8635
6852
1876
1386
170
1233
526
574
3910
9765
2744
8417
6929
2043
55
5762
5726
5049
7181
7438
751
63
2164
8734
2557
8735
8249
8331
1777
5515
4918
2693
7486
4574
2290
8445
1846
7175
9931
1325
3478
7792
7450
2311
2574
9023
2831
2267
4024
803
562
6109
5384
9923
8689
9153
2143
7925
3456
9395
1595
5702
3017
4329
5391
8222
8441
1171
5114
4258
1982
798
2402
1175
8980
2573
5190
3057
1602
3124
3973
8785
9547
3890
4527
7971
606
3097
1627
2826
4901
9918
6821
3432
2304
7773
1350
8982
3250
6227
946
3933
6696
1619
9291
2931
6484
6119
4979
668
2232
1692
5804
6494
1526
616
1336
3988
7827
7322
2757
7445
7058
1902
3460
4407
4925
4130
8530
8963
289
2150
1919
6015
8348
6380
7975
2522
9761
4508
3750
1210
6560
4060
1145
6177
720
9058
9515
5058
8999
1312
4210
3938
2284
3698
830
4396
3467
7239
8080
7783
7190
7650
2862
386
9955
9753
1976
5862
6495
1175
2800
2396
8984
7341
6847
6530
9232
8332
7781
6626
1504
1106
8828
4742
2530
6591
501
4766
4787
4724
4257
5981
4995
547
4677
5291
6034
6377
6221
846
1193
2493
7794
3717
8816
9674
1160
5464
1516
3259
6460
4205
1467
3767
3613
445
3159
9274
1175
2481
7243
763
2071
3311
7107
4365
1580
6275
4310
2974
5321
1819
6250
3944
9413
1317
5164
216
2028
7341
7153
5003
6421
8907
6509
4615
793
1912
9122
9551
3808
9045
2397
2265
5163
1507
9278
8971
1096
7250
9542
8995
8058
2340
1941
1183
1650
8645
3108
4687
1557
5737
3602
432
6316
4674
5754
2761
3995
5398
7725
5396
5429
7087
1611
2693
4105
1518
7912
7169
3003
2192
2455
7679
8432
5184
899
1742
9045
1982
9232
1527
4313
6209
680
5524
869
5520
1537
2810
3770
4667
4162
2192
849
2068
1161
3765
1926
5214
6237
3643
4211
676
5283
524
6315
9576
8110
6087
2209
443
3324
2970
9023
5234
558
3662
5356
3816
3222
8684
368
9935
1507
4433
956
2285
5410
992
5818
1974
897
478
3883
5112
8993
5585
9565
3955
6444
3796
5070
4269
7737
5038
8579
6800
6055
5639
5594
4770
6144
7035
962
5101
9663
2310
7184
6102
872
2614
9901
2097
2594
4407
7259
738
524
9172
4673
5978
1127
4622
6566
5474
9734
2011
8329
8577
6817
6887
6240
6422
4377
1068
9658
1576
9178
2368
7039
241
6621
8953
5223
7864
5446
9563
7356
5629
6614
5854
590
9750
8035
188
4481
7200
6374
6429
552
1923
5901
243
6971
4112
732
2250
4720
8927
2957
6847
3046
1499
4938
5823
2528
769
5922
7487
6037
3454
1676
1226
431
8591
7101
2296
7140
2656
691
149
8927
5708
427
425
772
9842
5052
3068
6875
4227
1790
4336
6572
2264
6842
65
6721
1523
2848
4364
175
717
4393
203
9767
7803
1674
4618
652
3415
7221
7760
2348
2482
6459
2318
6704
4617
384
9801
1011
5475
3290
6360
9526
4997
384
6781
9635
7285
5702
8255
8255
6756
476
7660
5566
3605
4693
3764
2731
8352
6469
401
8353
4013
8588
8216
1609
572
8518
4218
1710
8174
1251
3556
1599
517
4057
7622
5562
1666
8018
153
8242
971
3317
2264
1729
2495
9746
2693
576
1938
3209
1944
9696
1285
351
2286
8407
8207
5506
4647
4952
3222
760
2261
1325
6950
3385
2499
191
257
9509
168
2474
3896
3337
1998
1847
3593
9
7299
8524
4246
951
8343
529
8967
9349
3342
7793
7025
3373
436
9176
4554
5849
5161
2253
3544
7101
2350
8910
2333
9480
1345
5543
3365
2459
2049
1969
9062
1017
5350
7629
5411
9181
8280
7469
9235
6588
365
6544
5954
5647
3664
6982
4263
4611
7875
9537
9622
967
9134
1260
4681
6825
5838
3641
2808
286
2447
1250
1980
4479
4789
3318
1170
8880
4226
8524
2422
9906
9744
4744
2930
7359
5728
665
3655
5787
5136
578
1803
3955
5834
2015
5006
6616
5973
7980
8492
4511
424
2360
1883
638
5433
6036
2855
2536
9678
1399
3610
5024
6978
7496
2546
6744
6283
2215
1545
4942
4613
1626
7839
9304
3693
1812
229
7988
1484
3081
2275
4974
8062
1074
5811
1443
7272
2299
9104
4139
9156
727
9856
5546
7739
8739
3933
1836
8775
2252
2143
3822
5850
6706
8310
6221
7744
6514
6488
720
1216
9542
3326
1312
7404
1156
8961
7376
2170
9173
6912
883
8201
833
3609
4668
2340
2963
1819
1113
9378
3856
4400
997
5799
5919
3867
8185
6806
8909
9133
9717
6952
8504
4699
1899
4283
5002
1273
2330
6637
7032
6113
4234
618
206
357
6232
1265
7965
3766
4550
3583
2564
2012
7393
6052
9915
756
1879
5193
5950
2731
9468
2345
8893
1226
3847
1087
230
1908
8086
114
6797
6605
7154
6763
4265
6511
907
4111
9325
2933
6394
5143
7020
4068
110
2844
9886
823
8255
8245
1519
8299
2349
1227
5707
8865
239
167
5860
942
3245
1157
9935
6649
3051
9720
883
7694
7247
643
8697
5310
9625
8834
9381
9930
7552
2580
3102
452
7001
7852
9193
6068
3092
9304
7257
3639
5662
8724
7838
5963
7063
8492
6753
4574
7895
1893
6571
5982
4454
8037
8282
2486
433
7690
7676
9880
1527
6308
4613
9917
9306
1401
9472
2721
9840
6920
2398
9938
1731
3920
4567
5479
8382
5487
2574
4307
8095
3947
295
8193
8555
5341
6357
590
9275
8534
9626
6181
3441
9715
5546
6795
2332
67
7023
9687
2032
4595
3299
6686
7742
6709
8617
5506
3929
149
8798
9843
4331
4802
716
2067
3461
9012
6214
9640
871
9214
2644
7547
5345
3132
7573
7029
7510
6050
6207
6545
5289
7489
2671
6702
2786
1831
6716
218
5552
7898
132
3537
487
4405
7893
91
5440
147
7221
6958
388
8600
1074
1906
8880
4294
144
3861
9474
9807
1075
3155
4818
5401
1009
4577
9162
2289
8056
5770
7452
8787
6306
5051
246
9255
1577
8434
1406
2781
4822
8229
24
6588
3423
6401
808
8345
7086
8897
9894
2818
7080
294
8183
5539
3176
1559
3434
2107
3224
3059
1713
279
8648
2406
497
8581
8450
5246
7865
4530
9477
6439
7947
8568
7889
7390
5775
5068
8941
3811
3643
355
9366
5190
829
9754
6287
670
5377
3568
8030
3903
2778
4482
3505
9223
6867
929
2118
2363
3677
1475
484
2940
3827
2010
6834
4918
780
1653
624
5875
9866
8715
2769
2581
3327
7297
3532
3295
4558
1039
6919
9338
7442
905
6067
894
9247
7579
8651
9131
1115
8810
2162
9150
6074
1588
7845
3772
5180
7169
2067
7957
6440
2446
6292
5361
1360
2067
5885
9178
8226
3323
6794
2374
3148
3701
6536
2234
738
9124
9982
3048
6515
6368
4903
2082
1832
6824
4375
5193
6213
8088
6511
7464
7218
9896
5863
1167
206
5368
3156
9840
3424
4068
8719
2479
9696
4429
1192
9832
4240
8888
6034
3599
9624
4157
5173
1586
6985
7199
5102
4104
9002
1053
6038
8460
3081
7662
7106
6854
8555
3143
174
690
3167
2418
6219
5566
6475
9289
9625
5873
323
6750
8130
5008
2543
6825
4457
3107
4444
8755
2867
173
5496
7352
4980
4017
8123
3370
2570
2959
1922
5978
3374
4447
9208
3013
4217
9528
6287
9123
9206
905
6598
3611
4520
9657
6969
3659
313
2158
7568
5787
7439
6758
8295
7382
9279
3865
7933
8436
8972
2002
3707
4629
1439
2184
2037
5339
4562
8711
8761
4943
6146
2779
2170
8634
8677
1906
8005
1356
847
4321
6744
6382
1043
1955
2348
4477
7121
5036
9607
2531
2716
2952
2429
1731
1895
5049
3646
3316
4329
9439
4173
9641
1674
7710
9356
9237
7178
864
7584
1252
239
1833
2803
9651
1777
2021
7729
6612
5539
4630
6211
6353
9905
6758
8963
4560
49
9783
7530
5715
6460
8957
2391
3511
328
1977
1972
2159
7352
9321
5522
2091
452
3178
9138
197
8490
6250
6865
6404
4873
8110
2313
4386
5271
8054
2065
6090
7282
430
3152
4033
9121
9255
3930
1491
8252
7461
8105
9634
7927
988
9519
22
9523
3492
6816
1944
5897
6562
2830
1110
480
3771
6751
6613
8774
689
2849
115
2758
2164
1482
3559
7403
8773
8897
8690
1075
6106
1809
2152
1794
2619
4101
306
503
7983
3941
8779
1175
5152
1056
926
2089
2740
1564
2328
4532
495
7549
1659
4479
226
4989
603
7802
2401
2516
2093
3269
5459
5880
6761
1540
1886
7207
1140
5290
1925
4585
9438
1192
5136
3799
2393
6148
8980
299
798
6360
9750
7514
2093
5466
5454
2116
2503
9265
2540
5134
3326
9850
1425
7376
8763
2206
145
6366
5364
6321
3425
4324
9854
4215
4375
9493
4987
710
2045
8003
3367
2235
7184
1981
7430
4813
8753
2806
2085
4907
4217
4979
4189
9144
4450
3802
7252
7469
3501
4227
457
9347
1718
7470
5283
8204
1648
6161
62
9908
1565
5692
6875
7063
741
4248
6616
2162
6627
8506
4264
299
5495
2635
1119
25
3341
5221
4050
3463
7269
8559
8543
664
576
9839
2001
812
3247
4182
9144
119
9998
1419
3657
5441
3114
6554
3241
3228
8411
6633
3917
9648
5361
3805
5198
7443
9737
2140
3064
3251
3218
2248
9146
7116
4898
3215
1780
1092
9149
4586
2868
3803
926
911
896
8898
5147
7963
8
8747
3509
8873
5239
2380
2017
6548
4913
1361
8110
3803
3693
4059
9567
537
6439
1618
4123
6419
2946
553
3012
7989
4808
6727
2478
2458
209
3122
5194
9896
5320
1052
5218
116
5156
9324
5643
6806
3393
584
8531
6487
832
2807
6512
9319
7526
4872
1580
5946
2083
7635
3246
127
413
731
1138
7557
8063
3498
2533
1656
3924
1972
5843
9526
2675
3762
106
111
1172
1700
1138
2437
1459
3341
701
4073
3094
6415
5138
853
6799
4937
234
1861
2539
9915
3461
3676
6415
2338
8420
433
3507
464
4343
7759
4006
380
1253
8175
3428
135
4431
2640
8045
6440
5236
5402
2298
802
1026
641
2961
1990
9757
1930
1448
7208
1598
8082
2721
8881
3324
3005
6395
7740
4220
8686
7440
9084
1379
1239
9978
3566
1449
6818
8556
9805
5193
9026
7874
5901
8309
1840
2990
783
627
1429
9280
8859
6064
1245
6519
9297
4168
4033
9557
5556
7334
3206
6761
5647
1998
8489
810
1277
9122
8959
275
8070
4866
8548
1020
8418
8881
1425
331
4702
9819
6575
8342
8893
9146
9614
73
9445
2617
536
4602
7274
2851
8192
6780
1069
3836
5934
5027
4804
1683
6258
8749
2795
2234
4399
2052
74
4706
6167
1158
6826
6284
5937
2822
7413
7023
6663
9441
6587
5729
7415
546
1271
3827
9254
8859
3275
4070
4705
7430
48
6200
2945
541
5236
7258
423
3158
8671
6111
3278
8200
7163
954
3205
7078
5065
3178
4607
8936
3205
834
9161
3813
9238
7859
3501
7091
7122
9093
3816
1932
5169
5334
6454
481
3572
9109
54
2229
9784
6255
7004
736
2650
5683
2717
7344
3045
6693
1631
9427
416
1716
8150
2700
6173
5373
6784
2121
1624
1746
7400
7089
7161
113
8487
7183
7387
647
4610
6268
5070
1127
324
5249
7152
7067
2874
24
8623
2242
7426
7275
1796
5840
4641
8444
387
689
3687
2856
2731
2383
9181
1625
8038
3337
6718
285
1483
9479
7762
2446
6731
6790
9431
3067
4226
8154
8252
3403
4081
7339
413
9868
7847
2653
5722
1389
7971
7137
3063
9224
8846
6747
766
8912
5887
1696
3087
7688
9298
4128
5539
7051
3040
7662
4779
1013
1593
8442
253
5932
6078
6794
522
1143
6000
8055
1889
2056
1091
1935
6971
4942
9771
8090
1649
9719
4872
9186
5510
3840
2256
628
4616
2066
57
8235
1089
1406
6668
6645
8167
7942
755
3785
9182
537
7849
9920
468
73
5226
5138
1737
1988
7768
3350
8147
3935
6938
5397
634
5925
7654
8702
4025
5826
4386
8594
6295
3116
1027
6219
3632
4404
329
9849
1027
1272
7448
9813
6668
772
868
4101
2427
6127
6496
4212
7225
7146
4576
5520
9379
440
769
1751
2386
9601
8703
1660
7062
8804
3179
8779
6178
5990
8625
1062
4962
4829
248
1274
6344
1360
2883
4543
2839
5854
2073
512
968
4049
6352
4813
5867
6617
2756
694
1736
6534
8999
5950
4323
6622
1321
683
7683
6955
6186
9100
8627
3714
4158
4300
9417
920
5620
5016
8276
1746
4779
2365
1054
9516
1378
4129
4020
3001
9988
130
933
7178
1808
4520
515
5751
3346
4740
5148
4488
5161
3995
1163
6986
1251
8097
6451
1473
2270
4137
13
9878
4589
5276
2572
7527
9312
4392
5436
868
5763
1109
9488
9492
1449
7082
8518
1919
1310
2974
693
422
1012
3090
451
9199
528
3852
369
4150
6569
8889
827
7343
5641
7787
4672
7764
5887
4888
1511
816
7550
9429
9263
6075
8313
5121
8240
3590
8668
6623
1558
1231
4216
2085
342
5929
684
3674
4743
3019
8330
9086
7762
9499
8999
3831
7152
9022
7384
4968
4082
8933
9741
1803
4477
1403
8866
1250
8329
5778
6860
6142
7336
3558
4090
6750
1719
3779
1811
1653
2732
1259
2381
1843
1067
8254
5423
4855
4932
7500
625
9585
4783
2331
3658
6930
7234
2889
7358
915
8933
7285
5964
2905
8271
5924
7732
8451
5907
3138
1989
6622
7087
9458
2390
5408
2497
3775
5365
5987
5284
6806
2985
989
5691
1913
5846
5484
4754
2588
5817
4100
644
6880
8513
8562
8665
1492
1079
1387
1263
5421
5168
2804
6738
1135
9809
5325
8071
4491
7912
1570
3366
2422
674
8095
5913
4076
5953
1827
6616
1663
644
7445
9382
8179
3968
5680
9001
3597
2323
9829
4883
7536
520
4700
4673
6161
9397
8271
4249
8146
7371
7932
3926
2769
7684
6053
7766
1768
4380
6772
4751
6984
4962
9365
3210
1996
3191
3282
9350
212
8495
9167
9833
2943
8617
491
61
7339
9224
5457
4527
2449
2214
2315
2360
5378
8554
9442
7833
8965
163
5875
4505
1761
9025
2163
2757
1231
2266
5132
9376
1191
7169
9336
680
6130
9722
2049
3366
6588
7909
6459
1136
1667
7844
3946
3654
7950
3897
4609
1431
5133
2030
1141
8049
4910
5340
2686
4621
4278
8675
1444
4917
9321
9233
8631
3496
4310
1025
1517
8467
1522
143
6448
5042
1085
6586
6794
679
63
4875
9032
5383
9059
5637
1029
2671
1692
2491
6141
4139
553
6828
8885
5876
6501
8885
945
3088
9548
9416
9197
4358
6110
5638
5137
5952
9780
7701
5750
8662
1471
5957
7489
9719
9493
6334
447
3549
305
2373
7800
5385
3262
6358
3334
37
7568
5338
7474
3001
1104
3176
7365
9630
4484
2940
8893
5072
2321
2900
4918
710
6562
9395
357
8733
4505
868
1810
974
3587
1895
1301
3934
1105
2767
9887
5836
6468
9412
7776
8282
4798
5812
4754
750
5422
1145
3091
9581
4305
2535
384
9526
7136
3515
9142
8222
3189
1212
2928
4832
9019
2337
348
4099
2100
6781
88
8531
7321
6942
1475
9949
2998
9466
2072
2076
7873
2659
9767
3689
7878
9412
1920
8456
4101
9958
4354
9957
131
7969
1881
8420
8721
4467
4245
1694
4231
523
7467
1264
8886
2603
6563
521
803
8736
9247
2025
2661
2140
2723
2051
7918
3264
1277
438
4068
8140
399
9974
6474
6967
439
9095
2222
655
9596
1270
7564
1340
1995
2302
4564
6088
8329
6790
7102
5147
7121
5191
5253
4144
9661
6352
1384
7993
6655
9063
2760
3557
1751
4751
8852
5432
4055
4865
3692
1055
4131
6117
4893
7977
101
2260
7931
3164
426
8747
1806
7157
4052
2992
8521
9951
2815
7012
2439
9953
8236
7506
541
5013
8478
3331
7688
7520
5690
1623
7472
6366
2889
8260
5569
3342
192
9642
4433
144
6578
7890
3088
7383
2080
263
5510
9677
5552
7663
89
9664
9885
1300
3475
9096
717
5195
7195
2606
1994
2084
2543
6127
2031
1226
7199
5567
9889
2537
4162
2182
6101
9982
8436
8138
9697
5899
8374
3989
1300
8964
544
1810
7450
9392
3974
2937
4207
1328
7081
3173
6066
6849
7000
4893
2258
45
5650
4181
7731
2455
145
3918
1149
1230
8069
1425
7372
2205
2206
9629
797
313
4860
768
3227
7553
4620
5273
7513
1453
841
5220
218
7169
1872
3296
5398
2956
3345
8409
9773
489
4522
4363
6708
4872
3230
649
4792
8318
8445
1114
1432
7083
6821
3372
1492
9438
2638
9859
2037
2323
2995
612
1510
1117
5596
2512
581
7990
962
4400
5750
7327
6836
307
591
5647
1715
1672
8094
6781
4228
3516
9608
6143
8472
5090
4680
3822
7129
993
4778
8370
9087
8149
685
1891
5720
9794
2537
3623
205
2470
4615
4302
6803
3560
6216
8738
9580
1752
2628
6968
8574
740
8379
3105
1177
1084
8261
4601
2894
1815
2800
3819
5682
1847
2173
567
9963
7409
1592
2599
1038
2627
1770
634
488
3061
9829
6358
1139
3374
7433
8900
5139
4477
5340
608
9028
1739
5862
8024
3848
482
1534
8873
7609
9890
5149
6110
685
3703
903
6398
7213
7338
7362
2367
2419
4478
509
2223
1730
419
1818
2187
4987
9725
3686
6208
2671
541
3091
2693
1309
3990
3711
2467
6247
9092
5235
4306
419
3095
933
5235
6268
4936
2460
6196
6236
7842
172
491
3246
3697
7724
7091
6589
9264
2206
2783
3776
6204
4771
628
1239
7117
424
2277
5705
7022
36
8831
809
7786
6037
830
1238
8981
110
1166
7457
8205
3561
2353
5838
3710
123
3459
3055
7481
9759
3656
2271
9895
2174
3437
7008
7950
5601
3008
9411
9884
844
1238
3670
522
5104
3640
6185
9957
2576
8683
4534
6692
1020
7736
7916
654
4917
6263
9376
1012
798
888
9111
5887
3024
2317
9386
7888
470
7043
6287
806
8162
2677
5457
126
8156
92
4481
9749
8571
8032
563
2210
8489
5303
8913
596
4450
8356
3474
8101
2614
6334
6271
1972
9790
1880
1026
6111
154
9327
9045
5379
1710
2178
33
3201
9748
6412
9472
5464
6022
3619
3281
6979
6447
2456
2051
3117
5817
4946
7916
9240
856
6763
9517
6280
5857
6328
1985
3405
7078
2483
8653
589
7659
1127
3138
5191
2801
6500
1049
8375
2074
4973
7829
2053
2028
862
4344
903
9794
6362
4378
6529
2949
1505
108
457
2125
7745
2490
41
3733
6164
2635
5882
6924
1558
682
9320
5833
4057
7369
1149
3084
1207
8462
3511
1379
2634
2767
4630
9140
5285
7476
4318
209
5864
5859
2019
414
7808
4647
662
3740
1527
8481
4865
4105
2333
5982
9358
191
3223
3138
1680
1862
9324
7899
734
4535
2441
9144
838
297
5049
6464
1327
4019
8349
2841
8177
1756
8842
5202
4924
787
171
8524
841
252
194
1466
2387
1767
5172
1324
2024
430
4206
2443
3656
1599
9870
5263
4062
4454
5809
5238
5765
8596
4500
8151
5832
9167
5526
1071
5797
8629
6255
5065
5746
5634
9772
2500
4329
5869
9814
7623
8400
4500
329
1333
3811
5509
7064
6702
227
3720
1136
5102
206
989
1362
2673
6049
2108
2129
8286
9561
9384
8852
6960
2266
5259
5283
3559
3356
4050
264
2578
9484
52
51
1212
2223
4798
6615
5592
2194
4948
1426
9236
6716
3845
3657
22
2353
9260
9102
8574
3038
5236
9596
1321
1724
7824
6066
2056
6482
7286
9441
9464
882
8465
8088
5072
8755
8069
905
6793
2512
1441
7726
3753
1727
2644
1431
3133
9667
2987
949
2778
9133
6736
3328
9051
9607
5710
2109
44
8502
5560
696
9813
6834
8620
7034
4370
6579
9521
10000
1719
661
5719
667
3882
3925
5697
2410
5959
2605
3164
66
9147
5761
1732
6392
9310
9385
8809
223
8691
7520
2748
4421
4475
2332
3087
1843
9676
9416
6186
991
2809
3048
3985
1536
7787
834
4150
1349
7953
9948
585
3965
569
2443
3676
1104
2282
401
696
635
4860
482
2795
4210
2562
8236
6417
2587
6198
1531
694
9713
7994
243
9955
8442
9978
527
4745
8979
9590
2930
5261
8042
107
955
1612
6811
9179
9985
1400
4867
1767
3820
9711
7925
5914
5100
6844
1694
6555
7737
2980
3496
8995
5276
2730
141
664
8856
4292
1999
662
6954
1945
7282
2697
4675
7420
6067
4996
1334
2928
6148
8327
8337
8634
2166
8452
8701
4583
2238
768
4448
4101
2882
4085
2574
4457
513
9172
3276
5199
9674
927
7113
3549
4557
7918
1998
280
2929
2990
2872
9265
6238
9799
9851
9243
9505
2358
7920
9065
4121
6269
7570
5186
5444
1505
9023
8201
3024
2227
3499
5470
3412
6699
9899
492
5093
8286
4630
6033
5720
7442
9947
2553
5842
4380
7489
9575
9544
2544
2388
3404
657
2362
7374
196
4727
1576
2905
709
1791
9498
5307
415
2715
8075
1497
9646
9235
2660
351
9525
3207
6422
9306
9683
6960
4911
6458
503
2329
6005
376
2697
1987
5760
3620
5924
3010
115
494
9009
521
4229
561
6471
9235
7885
3316
1564
5211
8372
255
6730
1186
726
155
6753
7770
6107
9744
1261
468
5228
2606
4019
8900
581
439
4761
4080
1198
1165
5515
805
8136
8904
7373
7179
1043
9868
1550
3606
3563
7684
6456
1428
6005
5867
9084
6040
2853
875
93
1480
3727
8439
5367
1772
2821
9742
1930
3220
2688
9517
2917
6589
6513
519
2458
3967
9661
3651
8588
7358
4845
7587
342
2734
2336
2265
5677
1893
7444
2227
7428
9919
8804
7984
6715
1635
8646
8454
5487
1690
9003
7076
7590
2465
355
1671
6661
1283
699
1331
878
54
7941
2694
97
8819
7418
3815
4750
571
1283
6716
2701
4599
487
4457
20
6340
1629
5109
3557
9484
1761
2297
9596
7091
2537
9168
2217
6787
1082
3734
8605
2109
8744
1810
1321
8721
3377
197
9268
731
8712
2276
3716
4784
892
9063
5394
4389
4455
8785
8156
3627
191
564
974
2534
3336
363
2492
6870
7056
4144
5632
1819
5023
1521
8621
1925
9957
2497
3112
5090
5946
5682
3869
4001
7628
4401
5988
9404
2743
9105
307
4355
726
1424
8512
3219
7674
1452
915
9431
7591
7246
7806
894
1955
4489
496
2180
1334
4254
4912
4248
3846
7018
6626
7279
6561
2
343
7362
1227
3474
7694
637
6348
6883
9914
5924
7876
3645
988
6630
978
179
7425
9579
2125
3922
8283
9209
6536
408
4216
6691
6207
4151
1049
5621
7347
7856
1746
6593
340
904
2534
8478
3828
3107
9337
8076
8147
4229
1806
1073
8241
4250
6000
4290
2755
808
7850
4233
7315
8357
5318
3257
5934
1021
1800
1529
3431
1345
9936
3313
4097
5421
5411
4322
5435
430
5682
3926
2861
8271
3595
2400
9717
7691
4257
6570
5711
7742
8960
7217
9216
6895
8962
7143
6106
9354
8078
9011
6518
3554
6627
1622
4978
4362
6974
1645
7224
4406
7066
8378
1034
6913
5587
6218
8474
8429
9376
2018
3030
9568
8681
9621
8805
41
2341
9427
8912
4181
208
5278
6569
4487
7223
2445
9049
1139
6236
7132
6273
9223
2525
8687
9090
1845
3670
9640
4135
1317
7747
5179
1391
9973
2440
1646
909
3215
7396
3542
2242
6612
4114
4575
7336
1082
6341
4590
834
6947
6746
7264
