130
321
741
73
632
174
741
122
62
945
786
510
402
991
988
537
306
934
775
783
297
380
232
54
157
148
312
721
137
98
890
542
178
521
38
621
595
371
950
408
110
231
252
156
208
254
640
467
920
458
105
8
416
860
676
810
417
936
410
755
751
433
430
711
170
894
549
421
804
560
185
353
102
657
877
553
387
827
142
717
644
110
137
216
684
812
586
487
190
76
111
253
275
396
16
330
972
758
356
199
321
671
834
312
423
977
44
785
982
232
374
92
305
330
272
506
44
2
257
733
723
874
955
249
794
179
135
867
369
935
118
902
499
570
955
488
383
40
981
628
589
660
690
720
387
383
690
666
522
394
783
572
591
929
586
523
885
233
741
430
807
75
333
688
714
316
82
731
885
201
485
602
33
492
647
899
26
302
939
24
106
145
402
147
84
142
694
336
680
143
998
450
853
128
602
262
890
901
223
737
546
170
194
241
223
46
749
984
488
688
144
867
603
550
622
978
356
979
129
494
804
159
273
3
730
341
571
15
185
717
322
320
318
899
322
296
28
39
496
506
955
966
534
485
578
628
93
434
948
462
998
960
167
996
411
543
583
790
521
147
41
617
535
409
866
961
450
267
403
650
806
579
1
67
645
658
351
802
738
2
587
391
298
767
972
294
193
845
151
585
304
277
457
120
279
311
448
433
205
663
264
721
593
168
859
281
382
439
535
688
414
812
862
654
342
638
173
101
139
593
891
134
822
835
655
414
595
714
247
487
581
212
610
27
451
413
145
930
964
570
763
570
928
314
281
174
279
307
490
657
711
587
115
410
604
934
412
143
578
624
834
799
148
656
669
277
710
772
874
369
178
807
955
929
817
132
745
438
834
520
189
397
576
210
533
213
760
967
265
356
211
224
700
665
314
952
956
841
170
85
974
50
451
178
526
644
828
212
806
230
98
241
34
897
875
23
770
848
704
811
302
296
476
17
462
623
799
333
274
554
46
41
503
456
248
670
179
793
648
143
410
900
741
918
605
452
218
374
106
976
488
822
839
875
296
886
394
304
953
255
185
914
553
239
173
369
879
748
639
648
969
365
157
94
473
272
708
30
896
787
421
29
471
371
9
197
332
355
159
637
436
916
274
558
376
863
618
134
754
419
918
885
891
432
39
760
642
981
440
999
196
899
307
2
322
44
176
34
922
537
75
584
487
998
147
377
616
210
329
661
861
647
788
637
252
807
702
405
165
998
184
447
353
936
483
456
343
707
255
91
403
925
381
201
179
195
701
399
370
224
988
156
22
137
779
442
99
9
182
840
540
757
348
605
803
499
528
244
148
910
449
266
528
122
914
580
957
686
323
319
682
434
394
599
905
347
236
31
211
204
173
434
362
913
566
897
191
103
469
525
188
749
453
124
48
853
955
843
572
127
219
556
65
12
746
587
11
479
737
539
518
199
757
123
807
130
821
208
637
50
464
16
754
799
987
899
660
215
918
943
618
192
825
401
239
718
157
224
155
218
142
88
479
123
936
613
619
87
58
561
726
818
321
738
976
119
322
280
261
163
867
394
997
770
390
873
132
217
398
443
517
261
605
412
232
749
840
434
917
413
512
908
726
735
241
3
556
988
225
629
491
25
994
747
509
25
397
918
142
499
836
946
590
260
298
966
855
965
253
418
860
15
968
928
167
243
818
226
304
486
12
703
930
984
676
378
734
78
878
621
874
194
816
55
233
405
889
136
427
774
350
225
977
756
442
169
465
900
559
52
338
385
231
990
361
863
416
171
356
58
624
529
140
316
750
69
617
577
597
980
973
29
962
548
638
32
500
382
828
907
370
491
881
470
245
376
781
338
371
630
901
110
715
382
696
462
765
646
485
461
400
950
984
494
838
113
256
203
735
34
615
787
276
847
255
4
175
944
180
200
826
27
993
63
516
58
560
138
850
739
214
169
564
492
630
249
324
477
614
369
493
472
655
707
758
194
570
2
166
443
704
353
512
938
41
556
359
161
901
908
383
338
966
351
379
190
85
760
482
23
332
908
411
498
42
948
887
703
91
489
122
554
758
82
761
230
616
914
656
167
887
240
928
260
262
142
626
821
463
395
705
905
342
887
149
319
491
171
657
573
606
176
764
889
427
52
821
134
539
2
578
806
894
989
173
356
471
893
639
831
83
584
835
573
208
915
125
601
774
626
719
570
0
851
774
253
533
248
333
855
57
115
53
415
239
589
199
40
532
231
41
858
3
398
103
572
276
553
43
941
283
464
112
758
796
718
920
857
839
564
